1
2
3
7
10
16
20
30
34
36
37
38
40
41
42
56
58
59
62
64
66
69
73
76
78
82
83
84
89
90
94
95
105
111
114
116
119
121
124
128
130
131
133
134
136
137
140
142
145
146
152
153
158
159
164
166
168
171
172
173
174
179
180
182
193
196
198
199
200
211
212
214
220
229
231
234
237
241
244
247
266
267
270
274
275
282
286
289
294
296
297
298
302
310
311
314
318
320
325
328
330
334
337
340
345
348
350
353
354
355
360
376
380
384
386
387
389
393
394
398
400
404
407
410
416
419
421
423
424
427
432
433
437
438
439
440
441
442
443
444
446
447
451
453
459
463
465
467
469
470
472
476
482
486
487
489
495
496
497
498
501
503
504
505
509
512
517
521
528
533
534
539
543
545
551
552
554
555
556
558
559
565
572
573
575
577
579
586
587
591
592
594
595
599
612
613
617
618
619
624
625
627
631
632
634
642
643
644
645
647
653
655
660
666
672
676
685
687
689
693
694
695
700
703
704
706
710
716
717
719
726
727
734
736
741
744
745
748
751
754
755
756
758
759
760
763
765
766
768
771
776
777
780
781
786
791
792
793
797
798
802
804
806
811
812
813
815
816
817
818
823
825
828
831
835
838
839
843
845
849
850
854
857
858
860
864
865
867
871
872
873
882
883
884
885
886
890
894
897
900
905
908
910
911
912
914
915
917
921
922
923
924
926
928
929
931
934
936
937
941
942
943
947
949
950
956
960
961
963
966
971
976
980
983
988
992
994
