1
3
6
7
10
11
12
14
16
22
23
25
28
30
34
36
37
41
44
47
48
50
53
55
58
60
61
64
66
68
71
75
79
82
84
85
86
87
91
97
98
99
101
105
108
109
110
111
113
116
123
124
126
127
128
129
130
131
132
134
136
138
140
141
145
146
147
148
150
152
155
157
160
161
162
163
165
166
168
169
171
172
173
174
176
179
180
184
186
192
193
194
196
198
199
200
201
206
209
212
214
216
218
219
220
222
224
225
226
230
231
232
236
237
238
240
245
246
248
252
253
254
256
257
258
263
268
278
279
281
282
283
284
286
287
292
294
296
297
298
299
301
302
306
311
312
322
323
324
327
328
331
333
336
339
342
343
344
345
346
351
352
353
355
356
360
361
364
365
367
368
369
371
373
374
375
377
380
382
384
387
390
395
396
397
410
411
412
416
418
421
422
427
428
429
431
432
434
435
438
440
441
444
447
449
450
451
454
457
458
459
462
463
469
470
472
475
476
477
478
480
481
490
493
496
497
498
500
503
504
505
508
509
512
513
515
517
518
520
521
522
526
527
528
535
536
539
544
549
553
554
557
558
560
561
562
564
565
567
570
572
573
574
576
577
579
580
587
588
590
592
593
594
597
599
601
602
604
605
607
615
616
617
618
621
622
623
624
631
632
633
634
636
637
641
642
643
644
645
648
649
655
656
658
662
664
665
668
669
670
671
672
673
676
677
678
680
681
686
687
689
695
698
699
702
704
705
706
707
709
710
711
712
714
719
720
722
726
727
729
732
733
734
737
739
742
743
744
747
751
752
753
754
756
757
758
763
764
766
773
775
778
779
783
785
787
788
792
793
794
795
799
801
804
805
806
807
808
809
811
815
816
817
820
822
824
826
827
833
838
841
843
845
848
849
851
854
855
858
860
862
864
865
871
873
875
876
877
880
883
884
885
886
887
891
894
897
899
904
905
906
908
912
913
914
915
916
918
921
922
923
925
927
934
935
936
937
941
942
944
945
952
953
954
955
958
959
961
970
972
973
974
976
978
979
980
985
986
987
989
990
991
993
995
996
997
