0
1
2
3
4
5
6
7
10
11
12
13
14
15
16
17
19
22
23
24
25
26
28
30
31
32
33
34
35
36
37
40
41
43
46
47
49
50
53
54
55
56
57
58
60
61
64
66
67
68
69
70
71
72
75
79
80
81
82
83
84
85
86
87
88
90
91
93
94
95
96
98
99
100
101
103
105
106
108
109
110
112
113
114
116
117
119
120
123
125
126
127
128
129
130
131
132
134
136
138
140
141
144
146
147
148
150
152
154
155
156
157
160
161
162
163
164
165
166
169
170
172
173
174
176
180
181
182
183
186
187
188
189
192
194
195
196
197
199
200
201
203
208
209
210
212
213
214
215
216
217
218
220
223
225
226
229
230
231
232
233
234
235
236
237
238
240
244
245
246
248
249
250
252
253
254
255
256
258
260
262
263
266
268
270
271
272
278
279
280
281
283
284
285
286
289
291
292
293
294
295
296
297
298
299
303
304
305
306
310
311
312
314
319
321
322
325
327
331
332
334
335
336
337
338
340
341
342
343
344
345
346
351
352
355
356
357
358
361
362
364
365
366
368
369
370
371
373
374
375
376
377
379
381
382
383
384
385
390
391
392
395
396
397
398
399
400
401
402
403
404
405
407
408
410
411
413
414
415
418
421
423
424
425
427
428
429
430
431
433
434
436
437
440
441
442
444
446
450
451
453
454
456
458
459
461
462
463
465
466
469
470
472
473
474
477
481
482
483
484
485
486
487
489
491
493
494
496
499
500
503
504
505
508
510
512
513
516
517
518
520
524
526
527
533
534
535
536
539
541
544
546
547
548
549
552
553
554
555
556
559
560
562
564
565
566
567
568
569
573
574
576
577
578
579
580
583
585
587
588
589
590
591
592
593
594
595
596
597
598
599
600
601
602
603
604
605
606
607
608
609
611
612
613
616
617
618
620
621
622
623
624
625
626
628
629
630
631
632
633
634
635
636
637
638
639
640
641
642
643
644
645
646
648
649
650
651
652
653
654
655
656
657
660
661
662
663
664
665
666
668
669
672
675
676
677
679
680
681
682
686
687
688
690
693
697
698
699
700
701
704
705
706
708
709
710
711
712
713
714
716
718
719
722
724
725
726
728
729
730
731
732
733
734
737
738
739
740
741
742
743
744
746
749
750
751
752
753
754
756
758
759
761
762
764
765
766
767
770
771
772
773
774
775
776
777
778
779
780
781
782
783
785
786
787
788
792
793
794
796
797
798
799
801
802
803
804
805
806
807
808
809
811
812
814
816
817
819
820
821
822
823
825
828
830
831
832
834
837
838
840
842
843
845
846
847
849
851
852
853
854
855
856
858
859
860
861
862
863
864
865
867
868
870
871
872
873
875
876
877
878
879
880
881
883
884
885
886
887
888
889
891
892
894
896
897
899
904
905
906
908
909
910
911
912
913
914
915
916
917
918
919
920
921
922
923
924
925
927
931
932
933
934
935
937
938
939
940
941
942
943
945
946
950
951
953
954
955
956
958
960
961
963
965
966
968
970
971
972
973
974
975
976
980
981
983
984
985
986
987
988
989
990
992
993
995
996
997
998
