2
8
11
14
24
27
30
39
41
56
58
64
69
76
77
81
82
83
89
90
111
114
115
120
123
126
130
131
132
134
135
136
137
140
145
147
154
158
159
165
173
174
178
179
181
185
193
194
196
199
203
210
211
212
214
220
225
231
232
234
242
244
263
270
280
282
286
288
292
294
297
301
303
307
313
316
325
345
346
348
349
352
353
358
360
361
372
375
376
377
380
384
385
386
390
393
394
396
397
398
407
410
414
421
422
423
424
427
429
435
438
439
442
445
450
451
453
457
460
466
469
472
479
480
481
482
484
491
493
494
497
504
505
518
521
525
527
528
534
536
543
545
551
554
555
556
557
558
559
561
563
566
571
575
576
583
586
592
593
594
595
601
612
620
622
624
630
634
639
642
644
645
649
658
664
666
667
676
681
682
685
687
689
690
693
694
700
704
706
707
710
717
718
723
736
738
745
754
756
759
763
765
766
768
776
777
780
785
788
792
793
795
797
798
802
804
805
810
811
813
817
822
825
827
835
838
839
840
843
846
847
848
850
856
857
865
867
871
873
881
882
883
884
886
890
891
896
897
900
903
905
908
909
910
912
921
922
926
934
936
937
938
941
945
956
960
961
962
964
969
980
981
992
995
